10614293
12571710
11508990
11524440
11445713
11521133
12357855
11533942
11422057
10559032
10577685
10613692
10619122
10635540
10623652
10670738
10749878
11268293
9175140
11455057
11468558
11495715
11445502
11499555
11499847
11454367
12377820
11462715
11547540
11505577
11480692
11487052
11503178
11462123
12730117
11487840
11608912
11147243
11512837
11534932
11473560
11516557
11503740
11523900
11514547
11536785
11509058
11512200
11443155
11544892
13006058
11496075
11500208
11791058
11569838
10549485
11394413
10659675
10655572
10598647
10616377
11697885
11528400
11521777
11508195
11506680
11501017
11522745
11439150
11490247
11496780
11428500
13037955
12053453
11578162
10309702
9819555
9834120
9815895
9817673
9873540
9883943
9861225
12815190
11380650
9845498
9848588
11484825
11507917
11456700
11506013
11946945
11494403
11505870
11890380
10934302
10616737
10637437
10636335
10617540
