6398
6090
6097
6097
6060
6157
6015
6022
6083
6083
6150
6060
6165
6105
6067
6173
5985
6360
6353
6308
6270
6330
6082
6293
6188
5977
6135
6007
6030
6067
6075
6075
6248
6083
6075
6195
5992
6195
6173
6008
6113
6210
6202
6083
6248
6195
6008
6022
6323
6113
6045
6300
6232
6022
6323
6307
6000
6083
6150
6308
5993
6450
6053
6293
6165
6172
6060
6022
6113
6285
5993
5985
6255
6240
6000
5985
6255
6255
6300
6360
6075
6270
6068
6075
6000
6150
6292
6382
6292
6353
6368
6368
6323
6428
6330
6263
6293
6360
6412
6390
