7485
7515
7477
7582
7673
7642
7635
7613
7560
7537
7545
7560
7492
7530
7395
7193
7485
7230
7222
7118
7283
7163
7470
7155
7148
7230
7215
7365
7387
7425
7538
7200
53685
7455
7222
7140
7230
7230
7222
7238
7148
7177
7380
7417
7215
7380
7297
7148
7155
7230
7223
7478
7448
7215
7140
7538
7402
7425
7425
7132
7223
7598
7222
7508
7530
7350
7260
7425
7155
7493
7155
7500
7447
7222
7298
7523
7425
7440
7268
7455
7342
7440
7500
7410
7162
7440
7455
7432
7462
7440
7523
7417
7350
7597
7125
7238
7162
7410
7237
7402
