10965
10815
11093
10590
10755
10935
10815
10755
11175
10597
11093
11100
11017
10695
10702
10613
10703
10875
11197
10747
10635
11040
10860
11100
11055
10958
10680
10980
11040
10613
10717
10598
10597
10838
11048
10605
10672
10605
11100
10950
10582
11025
11122
10597
10950
10890
11160
10965
11018
10582
10995
10725
10860
11115
10890
11033
10650
10882
10702
10725
11100
11040
10575
10688
10935
10590
10972
11085
11160
11272
11310
11280
11310
11258
11340
11257
11153
11122
11160
10965
10575
10958
10605
10935
11115
11040
10582
10598
11055
10695
10890
10605
10650
10695
11040
11145
10755
10658
10935
10740
