143603
143700
143168
143797
143925
143813
213923
143557
145388
143738
143580
145658
145298
144780
143737
143580
168533
143813
143775
145237
143940
143692
143527
143527
144922
143310
144450
143040
202875
194618
143722
143700
143617
143370
143430
143587
143782
143310
143250
143310
143085
143467
145245
143018
143588
143430
143347
143303
142688
142680
161025
142665
142665
143467
143047
142658
142942
142658
199208
142582
142553
165547
142710
142628
142507
142620
142598
142628
142673
142643
142643
142635
142665
142657
142837
142703
142605
142650
142643
142643
193103
142635
142665
142650
142650
142770
142553
162983
142688
185212
142628
143467
143835
143730
143850
143647
143663
143003
143363
143295
