8790
8745
8850
8453
8647
8362
8385
8565
8370
8318
8543
8407
8318
8348
8355
8400
8303
8963
8400
8408
8355
8767
8648
8557
8453
8483
8760
8475
8693
8362
8317
8370
8573
8640
8558
8677
8355
8302
8370
8385
8363
8700
8378
8303
8310
8475
8317
8475
59527
8310
8303
8437
8535
8377
8385
8550
8303
8378
8393
8295
8640
8700
8700
8378
8310
8467
8378
8640
8467
8333
8415
8588
65378
8648
8542
8655
8520
8310
8610
8370
8632
8295
8318
8295
8288
8467
8408
8377
8543
8370
8475
8632
8655
8692
8632
8377
8587
8378
8453
8363
