2655
2648
2625
2640
2730
2618
2640
2647
2745
2647
2550
2662
2573
2625
2648
2633
2753
2633
2647
2632
2558
2730
2632
2625
2535
2648
2603
2707
2617
2550
2722
2640
3022
2632
2602
2655
2647
2640
2677
2662
2640
2550
2647
2535
2617
2588
2685
2655
2557
2648
2558
2550
2625
2662
2640
2543
2692
2550
2572
2685
2632
2543
2677
2663
2588
2618
2557
2648
2655
2655
2663
2655
2595
2640
2693
2670
2715
2557
2662
2542
2625
2520
2633
2633
2640
2708
2640
2625
2730
2693
2685
2648
2580
2632
2640
2550
2603
2670
2565
2715
