14248117
13467225
13703558
13411470
13374997
13441515
13424340
13385985
13404555
13507035
13098847
11641537
11578155
14506807
14517855
14549925
14608995
14557965
15141727
13405402
13364640
13444897
13426740
13422090
13397782
13386308
13503277
15233108
12416662
12466440
12417615
12470670
12461903
12485152
12451095
12499335
14710740
12467902
14476740
12442523
12468435
13374142
13380135
13387635
13590157
13423072
12445658
12404190
12471022
12418815
12477803
12431993
12472118
12432075
12466988
15911092
14528167
14549407
14486752
14506650
14520847
15649425
14085840
14573107
14514698
14536410
14490090
14599635
14551717
14636010
14549378
14542005
14541263
14491717
15819712
14440215
13922108
13375628
12455280
12485647
12456360
12461295
12476872
12430035
12554865
12431370
12415853
12434745
12421005
12432352
16395367
14540475
12469642
13555807
12434588
12456968
12767827
12423008
12455550
12448028
