5003
4935
4920
4935
4853
5017
5033
4867
4943
4950
4920
5063
5032
4950
4958
5085
4957
5047
5175
5145
5152
4905
4928
5032
4868
4853
4980
4867
4845
5055
4965
4852
4867
4920
5040
4935
5055
4912
5062
4830
4852
4845
4837
4890
5047
4920
4838
4845
5070
4950
5085
4920
4905
4957
4942
4987
4935
5033
5160
5212
5235
5092
5062
5168
5228
5168
5078
5085
5062
4950
5062
5092
5175
5123
5055
5115
5197
4860
5010
5100
5062
5152
5213
5085
4927
4830
5152
5107
5040
5100
5010
4912
4905
4988
5190
5138
4943
5137
4942
4868
