2279760
2279588
2279467
2359597
2326380
2335545
2325113
2367510
2326920
2347988
2327310
2361120
2334720
2403510
2359440
3135247
3109155
3154515
3146258
3120938
3146190
3183945
3160643
2741595
3182242
2527710
2819797
2652443
2680410
2284500
2694652
2279100
2296748
2294257
2297715
2294078
2324760
2348738
2326913
2325262
2279160
2280623
2279152
2279190
2279280
2310315
2280660
2279093
2279242
2304368
2280848
2279280
2279805
2279145
2279648
2279198
2279760
2280570
2279198
2279138
2279385
2280510
2279332
2279153
2279107
2279280
2279182
2279077
2879235
4339222
2351243
2900318
2947808
2920342
2815402
2906475
2323432
2320553
2280555
2279107
2279160
2893380
2910585
2937502
2909393
2850315
2981228
2936678
2900933
2906108
2525430
2294535
2367608
2637360
2294445
2654670
2379128
2344582
2295420
2295510
