1833427
1832707
1832812
1833300
1834027
1900020
1903215
1913168
1881563
1833053
1832618
1833383
1833390
1894350
1923353
1886003
1918147
1963530
1963605
1963620
1925857
1963560
1832520
1833352
1885845
1901310
1886602
1922543
1833030
1833270
1832775
1832745
1832850
1887638
2255633
2335935
2322675
1806352
2259892
2233590
1796047
2149747
1834785
2064810
2097945
1752082
2021738
1759770
1765470
1764390
1765492
1764780
1763430
1808490
1804973
1822853
1839810
1751970
1752338
1752495
1820355
1784745
1796362
1752675
1752037
1752090
1752652
1801035
1790422
1800173
1839780
1869465
1986600
1752338
1752030
1752097
1870133
1752765
1786110
1820723
1804973
1755255
1752037
1752172
1752548
1774875
1834072
1797360
1752517
1752083
1751978
1752667
1752472
1800015
1823873
1799182
1752450
1752015
1752307
1751903
