73927
66269
71128
71249
71234
67019
72081
71909
71571
72164
70949
66539
66614
66779
71429
66539
66336
71572
66764
66201
71999
66201
66734
71647
71219
66644
71316
71226
71939
66644
113803
71144
66576
66239
66682
71534
71676
71271
71301
71624
71046
66644
66734
66509
66426
71024
66299
66036
65894
66689
66239
71488
66718
70567
66434
66771
71407
70926
71196
73588
66554
71504
71346
71136
66756
71278
71579
71797
71533
66621
71541
66434
66501
71219
71203
71871
66427
71458
66456
71144
71587
71646
71909
66043
66247
71249
71878
71482
66569
71519
70911
66224
66359
66344
71377
71346
71534
66111
71114
66637
