8621100
8995448
8749395
7832100
7638225
8383238
7980307
7968705
7967782
7983135
7987643
7989398
8004825
7988070
7984478
7966688
10349542
7977075
7983023
8022757
8010675
7997475
8000640
7982827
7986698
7974030
8121503
9784320
7994993
8015265
9322207
9278370
9327667
9309502
9284557
9365497
9361590
9329138
9294907
9305422
9289005
10659150
9300728
9296745
9269955
9527032
9333172
10125585
9298965
9571350
9352530
8566230
8582865
8654018
8594295
8603288
11041260
9338730
8598030
8587477
8644748
9313403
9270240
9480855
9430027
9967140
9347130
9315780
9326528
9295890
10815135
10236315
9741735
8597205
8575103
11732137
9395377
8111355
7953038
8000752
7995240
8009993
8011507
8096835
8000805
7994483
7988512
10441560
9920543
10162665
10123785
10221885
9292725
9297412
10388415
9803497
9788122
8650973
9326160
9217373
