376500
376267
376252
377153
376628
421725
381315
442538
376942
423323
376613
483578
376162
423780
376410
474127
376920
376957
376942
376913
376530
376560
376403
377272
376815
376882
376530
376950
380467
377303
376590
377040
376942
379357
376635
376747
376522
376538
376770
376635
376777
376635
376920
376567
377092
382545
377535
376612
377002
376065
472590
376665
376410
376673
376905
380490
380258
377760
376117
376658
376583
376627
376147
376373
397815
378090
377573
376987
380865
378480
377633
376470
376612
631725
377152
432232
377145
467625
376890
428708
379620
378525
377055
379372
378698
377783
376448
377092
412380
377145
377663
376762
377108
377063
376770
376988
376905
376965
377445
377213
