3570645
3558233
3771427
3517455
3573600
3593790
3566910
4424190
4528305
4446667
4374195
4529280
4007625
3621255
3578910
3595845
3584423
3548933
3557595
3556590
3565200
3569295
3552810
3593730
3565762
3517050
3585247
3551775
3519660
3551250
3584325
3581498
3548768
3561472
3517417
3538830
3592312
3533850
3551198
3558315
3669960
3566002
3586943
3564833
3570158
3595485
3566580
3547942
3595568
3511950
3465787
4764300
4752338
4787535
4791847
4775205
4981403
3512272
3876135
3592665
3505537
4349235
3516503
4386232
4398765
3466395
4362465
3506932
4363943
4383885
4317982
4359892
4405080
4385392
4780358
4385408
4363560
4373535
4401840
4437518
4764345
4386360
4750658
4389225
4378515
4797922
4783965
4776675
4628925
4838723
4385295
4783508
4806120
4782420
4790557
4762282
4825995
4381260
4400850
4558583
