286552
325193
286433
286418
286717
328530
286493
366990
286395
348172
286358
337628
286583
286537
286350
286260
286522
286387
286590
288090
286455
286207
286718
286890
286388
286178
286545
286477
286478
286350
287588
286485
323962
286253
286845
286807
364582
286447
334650
286492
286410
286492
286297
286462
286440
286822
286358
286740
286305
286448
286492
286440
286440
286725
286838
286530
286770
286327
286523
286402
286455
286560
286560
286673
286485
286755
286387
286440
286402
286733
286463
287820
286748
286785
286628
360900
286508
338775
286380
333690
286440
286312
286380
286440
286898
286485
286335
286545
286410
286508
286410
286440
286448
286695
286470
286365
286493
286470
286298
286590
