65479
64998
64931
64923
64526
64968
64609
64916
64767
64594
65074
65043
64819
64451
64848
64459
64503
64669
64841
64773
214329
64286
65298
64699
64361
64361
64751
65126
64938
65066
65081
65246
64563
65306
140654
64983
141276
65134
64901
64616
64692
64818
65051
64736
65493
64954
64466
64803
64482
65418
64946
64661
64631
64301
64436
64864
64758
64879
64414
64721
64691
64699
447677
65463
64864
114833
65096
64428
64848
65501
64354
64751
64654
64579
65456
64563
64458
64609
64631
64106
64466
64999
64819
64113
64361
64481
65531
64481
63971
64496
64931
64616
64571
64241
64601
64211
64129
64316
65096
64549
