179187
178062
178009
178227
178999
178916
179959
201348
180417
182006
178257
178264
179832
177964
179141
178182
179007
179381
178811
179066
178257
178496
179464
178782
179344
179165
179554
179321
178871
178714
180379
179351
178331
268101
178505
179164
180102
177605
179629
179299
178631
178797
180079
179037
178901
178122
179307
179276
179434
179217
178107
178699
180912
178467
179321
182547
179096
179352
178796
178819
187736
179434
179225
179622
178129
178542
178370
178991
179779
178864
179165
179111
179216
178602
178992
179689
178422
179352
179884
178436
178804
178984
178669
179284
178571
178684
178736
178804
178354
178167
179082
178459
179839
178736
178774
178864
179006
280018
1000072
179044
