3357952
3323820
3344055
3379965
3352043
3296813
3593467
3378015
3297773
3332018
3522713
3498345
3361005
3365092
3361560
3375877
3333188
3351098
3414097
3332842
3362707
3342202
3331815
3382140
3336833
3353055
3373260
3816000
3832838
3349755
3349957
3344145
3296873
3352042
3846540
3415485
4013243
3441488
3313455
3871860
3346178
3823073
3854340
3843577
3831360
3853057
3299820
3345495
3810577
3796358
3785588
3720375
3345353
3336788
3587827
3293617
3338325
3526725
3334313
3298680
3352042
3385905
3831502
3839408
3375532
3793402
3849488
3867570
3846135
3846120
3334148
3808313
3851257
3835320
3860002
3842858
3804705
4534245
4544647
4554277
4604482
4529265
3961253
4532992
3575790
3597285
3696600
3609240
3616703
3836798
3609705
3846112
3851482
3848130
3827745
3884588
3616883
3574928
3900218
3534525
