1476428
1547070
1525957
1475595
1475430
1475100
1510575
1526160
1475625
1475453
1474822
1532647
1506517
1477238
1498358
1479112
1590848
1528238
1478407
1475595
1478775
1548758
1528755
1477838
1475242
1477222
1542578
1533300
1555995
1482165
1487602
1475085
1527548
1570455
1478737
1475363
1479930
1525192
1538340
1475745
1480905
1475063
1527450
1568850
1474455
1474837
1480470
1563240
1475437
1479607
1475288
1476022
1525508
1477403
1477440
1480552
1535468
1544483
1479757
1505962
1479345
1553032
1532708
1475332
1478595
1478948
1522492
1522717
1476998
1515593
1513823
1512217
1599210
1583445
1564838
1476330
1474988
1776735
1526588
1530765
1479608
1475213
1476495
1531162
1531642
1479338
1507980
1539983
1528140
1547003
1477778
1481663
1477943
1515090
1565325
1475137
1475063
1480417
1512593
1478850
