192915
191948
191355
287797
191340
192667
192525
193575
191325
191602
191077
191467
193290
191445
192757
191767
190770
191588
190830
190830
191670
190920
191587
191070
191002
191610
192585
191752
191370
191167
191632
191483
190875
191265
191145
192623
191805
191258
190883
245970
191535
229605
191138
191077
191565
190942
191520
191453
192952
191257
191745
191655
191580
191190
191543
191175
190905
191017
244440
190725
190965
191610
192780
191070
191205
191775
191025
191280
191227
191565
191085
191363
191107
190755
192742
191948
190815
192075
191100
245782
190950
191340
190905
190920
190890
191115
191002
192518
192127
191445
190837
191077
190995
192817
193042
335850
193875
193260
193755
194595
