98715
100193
98437
98213
98790
98737
97680
99120
96765
98468
98453
99083
97088
96487
98625
99293
100282
372870
194753
98483
100125
100147
99127
97860
99263
98693
98693
99158
99795
98700
101063
98175
96780
97845
99735
98595
98535
97635
96900
97357
98498
97515
130560
99105
99217
97860
97440
97695
99052
100373
100627
100327
97005
98175
98370
98700
100050
100702
98430
99562
98670
99030
99097
96473
96555
96052
98272
96877
96278
98167
96180
96075
95842
96090
96300
96233
96938
96157
96533
95955
96000
96292
95865
96082
96877
96060
95917
96075
96172
96143
96127
156937
96225
97515
98017
98273
98498
98895
98423
95918
