922208
1039462
840570
924990
835717
837143
904200
837232
856425
838005
837705
836977
836378
836040
881107
836557
836573
839730
836400
976433
840173
836557
863640
837495
836303
838530
835800
835987
920873
840802
841995
835807
836257
860100
836370
841200
888945
840442
836730
893407
861900
836752
835890
836272
883883
836820
840150
873870
839655
1057478
838050
836340
839498
904838
864712
3126203
866483
839708
848632
836175
857768
859553
865778
839722
837952
835500
841245
836348
836595
839753
894472
836108
907643
836662
835710
837787
839692
836528
877560
863062
839445
840623
839205
927458
838485
836430
910395
838657
840052
882720
836003
839475
835515
836580
917753
848543
857400
862748
857895
858150
