6363405
6367050
6347115
6348547
6340425
6352785
6278632
7999717
8018963
8002815
8080605
8042018
8090933
8081513
8101635
8047095
8057648
8080440
10804717
7230885
5963798
5866028
5865105
5898930
6753488
5891348
5901510
5896327
5923200
5934210
5920418
5937248
5943968
7828298
7318185
7300912
7393553
7351725
7372328
7397213
7390418
7380540
7420965
7379010
8289360
7404960
8012122
8086605
7869278
7955070
7366830
7381478
7355565
7413142
7378830
8003475
7405913
7358513
7361100
7388835
7397910
7379887
7388903
7373857
7362555
7391010
8090205
8044867
8056035
8064502
8030347
8058090
8731485
8045640
8046622
8264258
6830197
7944082
7324695
7434443
7414147
7382408
7115955
7107008
6775042
6926055
6815565
7051553
6984667
6825090
6784125
6819585
6817403
6799875
6820920
6826365
6796478
6771577
6821250
7977082
