5322667
4876800
4848848
5226465
4851352
4857765
4880625
4926675
5191627
4824240
4869045
5208188
5213565
5230020
5244772
5225152
5191567
5304203
5403630
5983440
5490278
4545000
4557262
4528890
4506142
5662665
4532655
4508783
4576252
4528882
5623875
4533157
4534447
5695665
4535235
4739580
4627995
4621590
4653037
4525500
5250540
5204715
5207543
5194125
5345423
5249565
5271840
5200710
5199772
5677687
5264415
5240933
5225505
5214150
5263410
6166942
5415187
5605433
5270078
5209132
5210325
5244023
5231258
5256615
5211165
5247600
5223488
5233365
5189423
5201295
7875548
5236777
5215808
5236545
5168670
5208893
5199285
5217172
5227867
5415840
5204438
5205488
5262525
5223120
5202960
5182747
5301420
5225775
5221785
5197860
5294175
5253465
5377875
5055518
4824727
4864905
5825610
4851600
4824442
4836532
