2298330
2320785
2293988
2299425
2298562
2294880
2299673
2300010
2297693
2298045
2352660
2366738
2358765
2330295
2389170
2365365
2379667
2346420
2434080
2371125
2347193
2343030
2350950
2373390
2345152
2351070
2354003
2371987
2345167
2382120
2353597
2425965
2349248
2353267
2413057
2565990
2397713
2386688
2326065
2408617
2526982
2358390
2355540
8054535
3308805
2416125
2491140
2342347
2338193
2420595
2402288
2346315
2347005
2585025
2401808
2349555
2340848
2421435
2419800
2347837
2369108
2321557
2369903
2356260
2337870
2338485
2379517
2342618
2363887
2404012
2360595
2347770
2365207
2331592
2369655
2346795
2341957
2385210
2340420
2343750
2354880
2346248
2357760
2340660
2369183
2347928
2367510
2410882
2403623
2361390
2372137
2342475
2402047
2357325
2368687
2334120
2351340
2344215
2352360
2350973
