43582
43740
43462
49214
43492
44122
43935
43792
44129
43334
43424
44317
48689
44181
43694
43604
43417
43687
44092
44107
43484
43529
48585
43814
43491
44272
48599
43964
43417
49229
43979
43589
49386
43394
44077
43747
43619
43402
43552
43747
43604
48832
43650
44182
47857
43432
43769
48539
43859
43529
48929
44287
44377
44819
44271
43747
43927
43927
52402
44024
43867
44805
44212
44271
44182
44055
43822
43830
67559
44017
134893
44115
49432
48756
44144
43987
43836
49357
44017
49071
49244
43851
44444
44121
49357
44137
44317
43567
44354
43687
44001
49649
43762
43890
43837
43875
43702
43656
43994
44331
