38106
38324
38242
38287
37762
38092
38624
38504
38347
38497
38430
38602
42899
43799
38129
39059
37987
38527
43784
38145
38429
38152
38549
37874
38669
38250
38070
43102
39307
38317
38362
38654
38182
45247
38729
38475
38677
38474
38932
38459
38250
38227
38265
38497
38091
38235
43552
38864
37972
38520
38550
38797
38354
39127
38422
38669
38692
38166
38234
38076
38324
38467
37904
38542
38400
38137
43455
37934
37905
38849
38122
38587
38106
38265
38099
38467
38909
38377
37904
38721
38122
37919
38700
38902
38669
38737
38445
38129
37964
38250
44196
38377
38602
38452
38685
38699
38025
42591
38654
38445
