264315
263003
262245
264150
261682
334118
262485
260857
263378
260287
261278
261038
260970
261090
261053
260708
261165
260992
258773
260085
258833
261098
259875
259245
258945
261675
259567
259717
259583
261023
261173
260100
259575
277140
259005
261015
259897
258765
258750
260415
259230
260213
258630
307500
261188
260280
259530
259350
262117
259305
258765
303630
261075
260392
259537
260108
284790
260430
261187
259597
258645
347580
260190
296137
259058
259477
259335
260760
259815
259830
261135
258870
259950
259410
261540
259192
259860
261405
261203
260070
259890
259883
259552
258983
259725
258773
258735
259763
259327
259665
259500
260985
258870
259875
259328
258765
258652
258833
261202
259718
