4296373
4296050
4345308
4320169
4280511
4294145
5032541
5087020
5068841
5051073
5040821
4319457
4426374
4280653
4298540
4271849
4323529
4298233
4294528
4283128
4315474
4561819
4946377
4110693
3770594
3742117
3673315
3721343
3727493
3857201
4636644
4651306
4659579
4650264
4619680
4656616
4666261
4635061
4645487
4648944
4631544
4689907
4666688
5038377
5197852
5118249
5075628
5059698
5040469
5129146
5088414
5099499
5053414
5038204
5065375
5064251
5102620
5100526
5061678
5218573
5275676
5604165
4341168
4261573
4302567
4648561
4658611
4664746
4626857
4640859
4268219
4286188
4917128
4639876
4757862
4688228
4642809
4866887
4677601
4658349
4278883
4303445
4308529
4290650
4278201
4299178
4305387
5044001
5103009
5041631
5052544
4728734
5110284
5086277
5067903
5058393
5038669
5112879
5383013
5414841
