847308
776045
775633
874817
790752
793917
864715
837221
825026
791360
790813
775632
837843
775648
775663
853270
775678
775550
775685
775610
823504
775805
775490
775626
775491
778910
775558
775551
845163
775618
775542
775460
775618
824336
775588
775483
823676
775482
775648
775656
775640
861670
775655
775565
834656
775505
775663
813634
775745
775498
775557
775475
851095
775685
775715
775603
775662
855490
775558
775588
832338
775573
775431
775722
775618
825926
778303
775558
826751
775550
775513
775543
775723
814361
775475
775565
775528
775708
775633
775633
775783
810994
775573
775378
822079
778662
775588
775617
775535
826818
775573
775521
775678
775558
810919
775701
775468
817819
785480
1432552
