1476291
1329430
1230846
1279609
1235653
1195979
1188592
1183732
1194607
1191615
1192619
1194539
1195672
1169528
1221951
1140961
1141096
1140946
1177305
1141089
1141006
1180665
1140991
1140991
1141013
1234281
1141074
1140811
1209786
1141058
1140915
1140856
1185495
1140939
1140983
1193924
1141007
1140961
1143578
1213888
1141081
1140856
1214661
1141088
1140834
1208736
1140984
1140946
1140998
1188817
1141095
1141081
1179037
1140953
1140946
1144186
1182480
1140976
1141051
1230381
1141088
1141366
1141096
1174927
1141014
1140930
1144471
1187423
1140909
1140946
1191119
1156381
1267535
1141179
1587924
1145603
1140998
1140924
1229143
1179577
1201439
1200592
1232668
1192597
1149691
1141005
1178489
1140998
1141126
1143413
1209119
1140961
1141126
1212524
1141013
1141051
1236793
1140991
1141036
1140991
