1703608
1670482
1670369
1669792
1669792
1733764
1715083
1716103
1670400
1670107
1669806
1670332
1727248
1722065
1717071
1669807
1693784
1670009
1756443
1716598
1751509
1670406
1670174
1669829
1670084
1733510
1702663
1743229
1669874
1669964
1670534
1670489
1743769
1725140
1743245
1670355
1835416
1670445
1670587
1778186
1733682
1702963
1720010
1670437
1670384
1694676
1676444
1787980
1695134
1772869
1737664
1820777
1717400
1669874
1670475
1669972
1670549
1713613
1849704
1737222
1669949
1669874
1669815
1670039
1746844
1713410
1711573
1669896
1670017
1669799
1670534
1733112
1725410
1714625
1670362
1670160
1670024
1670609
1733277
1701441
1894087
1793643
1670512
1669920
1669792
1669709
1670700
1786570
1734979
1726760
1673391
1670032
1669912
1754479
1721202
1753519
1670497
1669935
1670054
1669830
