5380628
5338922
3947057
3988561
3936992
3932117
3969938
3932710
3949412
3950904
3924340
5311383
5288726
3935694
3905688
3986280
4062921
4063618
3958171
4899062
4871012
4934812
3928660
3929762
3923612
3928345
3926852
4881602
4889176
4924538
4898529
4906186
4907776
4908503
4902443
4900861
5360708
4911676
4908174
4886761
4993499
5022590
4912298
4894523
4969274
4925693
5833727
4922783
4869940
4962907
4913709
4891554
4953052
4990033
5041819
4880200
4879510
4944435
4915133
4897179
5635530
4929578
4910288
4905391
4879217
4943160
4929443
4926158
4960244
4927313
4910161
4896219
4904753
4900441
4892874
4882329
4933823
4924313
4890017
4943385
4921042
4891772
4871665
4937603
4898739
4888029
4880027
5462518
4905781
4898183
5034297
5134667
4548973
5334955
4541555
4531332
4522190
5363297
4546790
4521696
