201384
200956
201293
200018
201016
201121
200889
200799
199674
200979
201144
201338
201519
201279
200664
263346
200679
200724
200672
199344
201308
201354
201324
198107
198316
198189
198264
198256
198242
198407
198136
276178
198264
198219
198136
198841
198106
198324
197994
198278
198264
198114
198204
198294
198339
198279
198301
198211
240967
223395
198263
198122
198324
198129
198219
198279
198376
198301
198211
198279
221723
198188
198286
198181
198309
277784
198353
198264
198121
198294
198316
198218
198136
198114
198129
198181
198211
198039
198293
198114
198107
198204
228255
198122
198121
198181
198278
198204
198241
198218
198136
198197
198286
198219
198173
198136
198031
198534
198159
242738
