1717551
1897297
1721330
1688968
1638952
1638930
1652220
1641187
1692980
1707823
1639357
1642432
1639088
1638990
1697676
1675446
1727127
1639065
1639133
1738100
1691878
1709143
1691811
1639118
1639133
1639207
1639065
1688278
1738392
1639050
1639170
1639050
1639110
1693859
1676849
1689681
1639027
1639215
1638938
1686974
1757607
1684101
1638841
1666852
1638930
1714437
1685901
1722305
1639290
1639148
1725755
1723655
1723543
1723887
1715915
1643407
1712412
1685991
1699520
1639088
1639050
1639230
1688624
1712968
1755941
1639110
1639170
1639081
1639372
1692891
1687161
1638907
1639005
1639388
1638907
1711475
1684424
1638997
1639155
1736614
1639028
1687273
1731980
1700954
1639110
1639081
1659300
1721322
1692516
1684716
1638967
1639155
1639530
1642283
1718742
1689231
1707238
1639118
1639155
1639065
