448913
448643
450181
445883
523753
449371
447218
448126
444203
440416
439396
439598
439366
452175
439494
439509
504202
439336
440139
439606
439336
452025
439291
439516
439486
538273
447309
439388
439396
439336
439426
439433
439516
439441
439486
439546
528860
439523
495089
439404
440116
439553
439463
439419
439343
439516
439231
439411
439321
439418
439374
439456
439546
536990
439343
504306
439464
439411
439381
439261
439269
439448
439299
439351
439389
439298
439171
439524
439403
439374
522449
448921
439284
481409
439763
440198
439741
439366
439388
439269
439419
439373
439523
439509
439523
439381
488812
447908
446446
439403
439336
531036
440476
439261
439516
439419
531493
439373
439456
463058
