2354332
2358450
2354137
2354085
2354228
2354040
2401641
2406261
2461437
2440902
2409583
2430800
2390781
2420061
2403749
2413536
2399548
2440467
2404686
2394059
2389957
2396257
2404919
2429353
2354055
2354250
2354130
2354272
2354168
2354055
2354160
2355427
2354122
2357423
2354220
2844284
2391816
2418335
2388216
2415553
2395424
2410303
2403583
2413618
2403043
2443745
2405158
2421642
2405346
2464257
2403711
2392147
2402675
2435885
2402788
2420098
2402586
2458451
2374147
2377574
2354137
2354115
2354265
2354130
2354137
2354032
2354040
2354160
2413926
2404633
2401379
2430207
2400126
2646186
2395153
2410543
2403561
2434340
2420585
2390691
2433665
2437369
2385262
2402053
2447517
2472971
2447780
2410183
2410079
2392791
2437955
2391029
2447914
2450509
2406464
2442297
2400636
2413123
2398753
2431850
