1178593
1184690
1183355
1180677
1177970
1185605
1184623
1183932
1183663
2176226
1404624
1181930
1183655
1223725
1183281
1183617
1181960
1198864
1179335
1180363
1175668
1268626
1331668
1291432
1182530
1221956
1182433
2050382
2967320
1202667
1165574
1167643
1214928
1165454
1165671
1165453
1253222
1165603
1165911
1234428
1165513
1165543
1180078
1192610
1165634
1165664
1178698
1201639
1166211
1172938
1225151
1166241
1165551
1166474
1359770
1167950
1168896
1219068
1241650
1165521
1165679
1207429
1165514
1165694
1165679
1216083
1168851
1165551
1203057
1165371
1166113
1165829
1224183
1165491
1165610
1198512
1165498
1192003
1969266
1168558
1241650
1165709
1165641
1256379
1166091
1194147
1166294
1211104
1184120
1183048
1335531
1214344
1166931
1166099
1166054
1211787
1167846
1165484
1210962
1165641
