429610
429385
429557
428845
429273
434980
429310
480675
429175
429543
429160
429108
428897
428942
430247
435993
485985
434448
435594
435355
434425
474375
434559
434477
429242
429355
474563
428860
485393
429017
429992
429085
429033
429078
434170
475808
692983
429542
536255
429445
430300
428927
429130
429137
429205
430510
429970
429243
429542
465210
431470
472508
428935
429768
428860
429242
429025
428943
429153
429490
428995
429206
428951
428890
429138
428913
431544
429625
514018
435257
429138
428928
429303
428830
429138
429152
429055
428882
429422
472995
429198
480751
428898
429497
453932
429085
428853
429010
433405
433322
432782
433127
475455
433323
433517
432513
433007
432962
432985
476160
