2261722
2261475
2261595
2261415
2261295
2261326
2261423
3704881
2308093
2306555
2338219
2261655
2276369
2262780
2262301
2261407
2261236
2261137
2273887
2297721
2297496
2449987
2367903
2548051
2314295
2307058
2329181
2325410
2337709
2344797
2308543
2297481
2313958
2315570
2311603
2315653
2312990
2295321
2304493
2292854
2297279
3124302
2261273
2261445
2261272
2261310
2263605
2263095
2261340
2261265
2261280
2828486
2866622
2340694
2313538
2306473
2307103
2570543
2317332
2395479
2337949
2311273
2324914
2324209
2346648
2315135
2880257
2846478
2261782
2264775
2261423
2279639
2261423
2261521
2262278
2263275
2874721
3935480
2919270
2698165
2331701
2536944
2460185
2484283
2484582
2266342
2424900
2431958
2427173
2585880
2426843
2495157
2313357
2379287
2367461
2298696
3510513
2454516
2490447
2466658
