4050082
4040798
3812065
4492374
3768440
3760701
3784963
3854911
3799467
3723443
3780132
3805346
3762628
3764811
3822910
5205118
3722445
3760341
3807701
3765102
3773300
3812426
3780290
3789372
3862951
3936199
3800808
3778167
3813565
3742566
3766318
3738771
3768898
3804529
3769738
3771980
3809261
3783792
3780185
3757288
3799039
3813664
3787789
3760416
3768448
3765936
5283573
3765283
3747179
3788644
3775220
3792612
3765440
4292816
3744074
3768448
3756389
3765275
3763266
3858429
4676978
4703790
4718271
4549799
5103160
3815636
4490282
3869490
4270684
4702102
3986469
3833815
3841622
3975701
4994820
3869513
4556384
4102160
3804724
3726428
3788052
3946714
3810093
3785075
3759711
4474248
3751979
3795739
3742004
3783605
3784977
3772250
3772843
3725962
3816274
3771320
3755121
3798544
4481642
3774950
