753640
810637
753017
753265
753205
753662
754765
753235
753092
808215
754330
753265
753280
777211
810503
753213
753085
762640
766037
764177
765249
764905
762429
909558
758297
753700
753692
753400
753220
753640
789961
753115
753227
753273
753078
806040
753115
753137
753040
753752
792938
779656
753228
791176
753738
755253
808425
753311
752958
753100
753257
796793
753198
753070
753205
753092
753670
753107
753640
787711
753310
753550
753250
753257
846238
753767
753348
753220
753108
798188
753010
753078
754960
753640
753550
808402
753685
753317
752958
752973
841844
753325
753250
753002
753655
786698
753317
753138
753220
753655
753828
752965
753055
862812
753085
753408
753130
753265
801195
755148
