3024512
3334571
3169526
3234690
3196104
3217028
3175983
3236828
3196269
3650516
3267951
2994026
3202299
2949321
2948451
3198346
3219263
3210309
3158883
3227566
3216819
3231885
3157729
3177978
2978232
3000768
3008066
2992998
3480146
3048631
2969232
2989114
3226380
3213631
3169571
3159011
3188034
3628827
3204878
3165581
3154818
2983879
2986767
3010661
2988897
3163960
3009348
3010938
3023335
3000580
3261666
3777575
3208058
3163690
3218123
3208643
3211636
3182117
3212409
2997603
3004240
2990276
2949089
2972539
2999703
3713453
3001728
3185508
3189347
3208801
3213391
3157488
3196802
3220291
3206754
3162979
3001684
3003453
2991754
3042002
3025450
3021917
3001984
3036819
2948503
2988266
3040719
3004263
3018527
3017860
2948443
3019427
3185379
3197192
3333955
3003145
3002740
3005816
2991754
2948548
