2968675
2963463
2905167
2905362
2951913
2956975
2956308
2940274
2905415
2905489
2948358
2986539
2950203
2968765
2968127
2905685
2937244
2958055
2977247
2955498
3739568
3854674
3786059
2937769
2962165
2960515
2974210
2962405
3012579
2905512
3088326
3155539
3120170
3227342
3019104
2951200
2953271
2963178
2945508
2905220
2949198
3076244
2946011
2956450
2950413
2905534
2905287
2948358
2975380
2979977
2968997
2908249
2915045
2946805
2960890
2950315
2960770
2953825
2905459
2905332
2956923
3006031
2999206
2988751
3051652
2905280
2974577
2959811
3802191
3634541
3683575
3682142
3639056
3648258
3731543
3728970
3709546
3701514
3670600
3639003
3692041
4097809
3958268
4012994
3968385
3112813
3179043
3661571
3357231
3394114
3406339
3431951
3404449
3406556
3439779
3664638
3685255
3680778
3409504
3414401
