429264
429324
433216
462421
435429
433096
435218
434244
435444
433156
434206
469905
428904
499979
428799
429023
428911
428881
428858
428251
428229
428732
428716
428536
428357
428334
428342
428588
501862
428777
473092
428498
428387
428859
428791
428724
428867
428229
428192
429511
428588
428469
428927
533706
428582
473235
428379
428206
428206
428904
429047
428499
428252
428424
428349
428919
428349
428761
428911
455370
490679
428686
428281
428776
428409
428896
428859
428476
428409
428424
428342
518309
428821
478289
428604
428506
428447
428739
428851
428596
428897
428874
428822
428776
454028
428866
510156
428251
499245
434896
433186
428386
428904
479902
428364
479340
428536
429302
428154
428521
