1800071
1777076
1732880
1732812
1753684
1733855
1776439
1811200
1777300
1733022
1743829
1732752
1733037
1780151
1816218
2199650
2206894
2205417
2206715
2221504
2249838
2126084
2227384
1779363
2060432
2016386
1771541
1999512
1999631
1733000
1999653
1999639
1999594
1999654
1999519
1732940
2074659
2020263
2049857
2034041
2035810
1829605
1908487
1836257
1858373
1772764
1746477
1733143
1733105
1733157
1825621
1765241
1817057
1733187
1732849
1732969
1733030
1772096
1780353
1782678
1732977
1733044
1733293
1733029
1766006
1815474
1781403
1732924
1733089
1733120
1733067
1780503
1807923
1784531
1732925
1732955
1733000
1732917
1793350
1777916
1816217
1787223
1733022
1733030
1733045
1733022
1774233
1825247
1788543
1802552
1732842
1732902
1733045
1733412
1784748
1801075
1788190
1732985
1733022
1733067
