3144095
3113338
3070380
3139055
3115146
3402086
3070312
3110593
3141973
3104331
3138439
3070289
3110676
3132283
3101744
3113023
3070297
3107046
3121160
3114763
3153604
3143824
3590630
3192461
3119600
3070177
3093786
3151549
3118040
3071152
3070461
3121468
3119938
3114020
3081164
3070221
3096599
3104893
3120801
3136910
3071332
3130566
3104084
3120186
3152870
3070327
3102914
3128285
3113458
3114508
3070455
3127933
3124115
3097341
3137263
3070470
3102973
3110031
3112423
3104414
3070477
3121903
3100514
3169137
3124228
3115633
3144380
3106649
3070334
3102695
3382744
3129245
3149262
3485424
3116998
3144102
3112866
3110879
3106019
3118971
3070319
3124746
3122405
3146569
3121791
3070454
3092864
3118528
3116901
3100364
3070462
3108110
3146232
3135163
3143547
3070994
3106146
3158689
3120778
3137818
