433719
432413
481177
431424
430906
433224
428603
479407
431934
439576
414669
414857
414669
414827
414662
414744
414714
414842
414827
414827
414700
414632
414692
414744
414789
414706
414790
414827
485992
415149
465736
414804
486247
414639
414676
414841
414654
414819
414835
414804
414684
414880
414894
414669
414594
414714
414714
414760
414752
414767
414759
414639
414842
479130
414722
460080
414864
468136
414834
415794
414706
414797
414782
414752
414624
414632
414692
414572
414759
414624
414669
416656
414812
414722
414759
414707
414804
414805
463935
415006
464970
414789
414781
433336
414730
414789
414706
414820
414676
414901
414774
421577
414699
414706
414677
414857
414766
414676
414834
414632
