1230628
1232961
1232668
1337043
1283884
1306728
1275056
1386534
1381651
1232226
1227133
1234828
1229983
1235391
1232676
2031085
1300901
1258430
1206824
1206764
1207664
1286561
1206659
1206756
1275552
1342922
1206839
1206719
1253900
1206779
1206936
1215516
1249348
1206577
1206689
1206727
1255317
1206794
1230021
1241586
1206884
1206682
1206772
1241158
1206726
1206876
1206816
1245672
1206824
1206816
1248523
1256675
1206891
1541823
1206719
2640403
1309196
1206817
1206839
1206966
1278949
1206817
1206674
1206809
1244637
1206787
1206817
1208939
1253203
1206749
1206779
1288789
1206831
1206749
1206636
1280787
1302468
1220714
1233524
1507879
1253285
1207567
1206756
1214916
1324615
1239703
1206914
1206877
1249663
1206734
1206704
1206816
1324796
1206914
1206877
1206794
1239763
1206771
1206742
1267302
