2307646
2265340
2413820
2273762
2308786
2273987
2278735
2281389
2279245
2282289
2279275
2285732
2312933
2279949
2346210
2344988
2349592
2436852
2305742
2227242
2227391
2227204
2227249
2227287
2227271
2227256
2227076
2227256
2227106
2227204
2227167
2227181
2227181
2227422
2227196
2227106
2227091
2227144
2227241
2227151
2227106
2227114
2244949
2227084
2227886
2227106
2227564
2227091
2227368
2227827
2227158
2228074
2227032
2227084
2227159
2227159
2227114
2516237
2231142
2227189
2276792
2227226
2227114
2227519
2495417
2227271
2227294
2227249
2227189
2227016
2230789
2254765
2227159
2227308
2227241
2227031
2227234
2227242
2227099
2353252
2464031
2312094
2282342
2276500
2276237
2275629
2278218
2310961
2278480
2298038
2394358
2415433
2370584
2419340
2388344
2347215
2294222
2268280
2296502
2271152
