191972
217291
189826
191701
191799
191281
192429
237173
191446
192294
192856
192212
191027
191041
191656
191424
192399
186624
186676
186714
186579
186609
186684
259132
186654
186459
186452
186482
186676
186669
186684
186519
186647
186676
188896
186601
186744
186511
186564
186729
186699
186527
186639
186617
186714
186609
186871
186782
186654
256184
186662
233977
190809
186662
186466
186549
186691
186759
186587
186587
186572
186729
189002
186729
302533
186721
186556
186707
186579
186542
186744
186497
186639
186714
186722
186699
186722
277401
186707
186669
186729
186706
186616
186751
186737
186654
186579
186706
186572
186602
267321
186631
186676
186616
186632
186654
186699
186482
186489
186752
