752136
751506
752256
751821
823181
751641
751566
838323
763678
762508
815149
762711
761323
751792
803074
751723
751716
814782
751424
751656
751334
752683
802377
752414
752466
752481
752496
846731
752864
752984
752436
752571
752564
752369
753021
753103
752451
753037
803322
752991
752474
752526
752609
829871
753029
752728
752481
752593
752968
752391
752309
803389
752391
752414
752684
752436
838323
752473
752841
753014
753058
753208
752331
752639
800465
752579
752751
752744
752331
806794
752346
753036
752983
752466
871727
752474
752414
752428
753074
753306
752579
753036
800742
752594
752361
752466
753036
833666
752541
752353
793745
752429
753013
752744
752406
802601
752571
753096
778168
752443
