5169818
5068653
5128284
5144491
5117642
5184435
5120297
5125449
5120859
5105237
5200867
5174423
5638351
5134906
5133946
5179604
5216294
4085547
3809098
3774277
5055132
3765630
3800204
3773647
3772808
4683256
4706782
4637913
4674391
4757878
4726544
4720462
4776995
4702117
4698862
4786707
4733594
5118407
4711282
4721775
4723154
4718805
4746538
4727527
4740321
4802960
4702942
4702163
4681021
5644763
4710518
4700452
4681539
4752576
4793029
4334742
4777242
4719562
4701390
4774633
4333167
4320102
4344642
4334262
4381878
4358974
4443878
4338739
4692743
4364156
4707172
4690485
4738184
4748736
4727917
4785875
4816384
4724685
4755590
4728187
4716862
4712715
4702785
4723695
4688003
5212739
5136294
5125081
5157721
5107374
5178967
4888816
4765978
4687823
4717380
4735717
4706010
4750671
4704337
4694078
