49784
49416
50015
233310
49566
49468
48801
48606
49491
49484
49049
49730
48764
49461
49520
49934
49716
48674
50466
49528
50698
49716
50091
49438
48674
49153
49461
50189
49558
49589
49588
49235
49394
49484
49041
49393
49686
49244
49191
49281
49034
49521
48996
49206
49049
49446
49086
49686
49476
49513
49049
49341
49048
48741
48449
48508
49349
48479
49581
49371
49303
49124
48464
48494
48531
147955
48636
49221
48554
49468
49506
49415
49536
48793
49266
49228
48808
49401
50113
48726
48733
48794
48823
49588
49386
49739
49904
49461
49731
50038
50789
49754
48590
49056
49281
49716
49754
49596
49686
49611
