198711
196304
195733
195929
195688
195718
196356
199460
196265
195824
195868
195689
195778
195539
195546
197016
196303
195704
196326
195794
195771
195718
195974
195733
195659
195831
195575
195509
195531
195486
244001
195606
196356
196026
195643
195839
195501
195891
195756
195719
195726
195628
195726
195876
195846
196086
195906
195793
195651
196258
195629
240304
195629
195853
195636
195846
317048
195621
196244
195674
198089
196078
196116
195876
195659
195839
246604
195538
195883
195674
195778
197623
196190
195973
195711
196326
195764
195786
195696
195778
195718
196041
195801
195824
195606
196363
195493
195906
195771
196813
195561
195703
195703
197361
195523
196116
195921
195696
196243
195726
