53638
53682
53510
53795
53465
136171
53510
53607
53713
53247
53562
53375
53593
53562
54687
53135
54260
53510
53397
53442
54403
53787
53330
54328
54500
53217
52955
52865
53307
53270
53540
53045
53232
53000
52580
52737
52865
52565
52753
52505
55002
52588
108677
52528
52602
52932
53000
52520
52888
52775
52581
52460
52588
52580
52558
91893
53135
53352
53473
52707
52543
52588
52700
53090
52550
52655
52505
52610
52520
52453
52512
52460
52460
52482
52737
52498
52573
52422
52948
52655
52978
52482
52745
52941
52716
52873
52910
52947
52475
52828
52377
52325
52625
52408
52775
52513
52543
52438
52678
52467
