1708368
1669318
1669265
1669153
1672362
1714076
1761188
1669145
1669896
1693797
1669340
1709770
1727238
1743999
1696789
1724860
1669235
1669333
1669318
1670255
1751243
1714376
1672543
1669205
1669107
1669377
1721658
1758878
2120212
1755556
1669377
1737834
1669407
1989740
1669610
1702526
1712080
1694749
1693954
1669437
1669077
1740565
1717667
1750119
1671973
1669107
1669362
1670413
1722865
1720547
1669400
1669640
1669228
1670293
2811658
1669385
1766956
1922738
1915749
1738359
1766109
1750149
1732855
1669767
1669242
1669242
1670450
1712831
1765140
1669062
1669805
1669460
1669805
1753832
2606496
1738577
1740661
1744937
1669287
1669813
1670165
1683927
1713528
1713895
1669287
1669161
1671140
1669303
1714601
1748716
1720863
1671883
1669370
1669182
1739304
1670660
1725468
1718358
1708196
1669370
