73710
74040
74138
74452
74445
74010
74153
74250
74205
74273
74378
74138
74175
74257
74333
74085
74055
73950
74505
74460
74250
74280
74340
73733
73987
74010
207293
74078
74062
74055
74325
73958
74070
73620
74122
74018
74115
73875
74107
74228
74392
74145
74640
74115
74625
74213
74662
75240
75255
74063
74325
74565
171667
73988
132023
507090
73965
75390
74723
73980
74370
73935
75165
74115
74048
74280
74340
373710
74175
74272
142050
93885
73882
74212
74415
74580
75315
74288
74242
74048
74062
74452
74070
73972
73958
71430
71962
71715
71798
71662
71587
71558
71580
71520
71587
72270
71565
71985
71992
72173
