5399775
5796293
5800388
5854507
5386485
5816348
5358878
5376022
5367690
5356050
5370833
5352802
5347275
5403922
5392747
6864683
5392155
5370563
6299602
5346030
6296588
5345835
5359710
5374387
6333337
6339893
6354488
6309855
5390670
5072175
4642725
4650795
4660958
5339160
5345175
5323733
4651335
4639133
4620045
4649257
4650765
4690388
4637633
4614847
4658070
4703340
4676708
4638345
4614098
4657387
5305185
5374965
5364435
4628100
5311410
4640775
5340330
5337638
5308890
4672748
4970940
4620983
4651935
4645283
4721317
4691835
5297025
5285557
5342138
4631993
4624522
4632607
4655265
4682782
4636402
4617660
4658828
4645913
4645837
4629465
4951605
4758945
4645268
6219405
4637048
6303135
6311962
6270548
6289282
6291525
6442567
6488692
6469013
6469897
6470385
6470640
6394808
6409403
6458865
6535957
