22065
22178
22005
22102
22184
22012
22387
22328
22117
21795
21892
22222
22215
23534
22005
22117
22972
23414
22845
21915
21382
22823
22755
22395
22379
24097
22275
22387
22297
22477
23273
22200
21945
22988
22102
22147
22747
22222
21967
22372
21839
22313
22012
22043
21989
22425
22312
22514
22402
23647
22282
21825
22672
21990
21900
21674
21667
22627
21967
22042
22162
22289
22005
22402
21907
22290
22530
22845
22147
22102
22530
21817
21922
22184
22147
22424
22387
22282
22282
24540
22627
23010
22349
22154
22875
22432
22140
22469
22485
22454
21749
22034
22267
22470
24037
21982
22687
22402
22102
22365
