18405
18555
18188
18360
18465
18502
18637
18645
18315
18248
18120
18517
18952
19020
18517
18750
18442
18337
18892
18675
18428
19387
18465
18405
18840
18713
18435
18450
18495
18585
18810
18608
19185
18682
18255
18345
18593
18203
18585
18323
18405
18338
18428
18165
18495
19192
18480
19013
18555
18832
19275
18615
18630
18472
18345
18750
18998
18435
18705
18952
18225
19035
18368
18750
18750
18345
18540
18263
18487
18420
18698
18210
18870
18502
18488
18435
18255
18375
18532
18300
18300
18127
18067
18360
18300
18870
18652
18510
18412
18795
18720
18090
18765
18810
18232
18390
18450
18098
18150
18780
