96825
159150
95160
94845
94755
94778
94665
95745
96060
96420
95888
96623
96525
96240
95880
96397
96217
94980
96817
95437
96075
95723
95152
94920
94830
94702
96383
95190
94567
96090
95738
95168
95070
95078
95257
95700
95018
95640
95092
94740
97493
96817
96690
96128
96810
96038
96907
96533
96480
95828
96645
97177
96277
96577
96105
96045
96120
96600
96240
96127
96390
96315
95250
96337
95362
96135
96570
96698
95182
95235
96345
95377
95535
96600
95978
95378
95715
95865
94890
94868
95858
95310
96390
96330
118980
96780
96052
95528
96443
95580
94920
96532
95437
95618
95662
95228
95610
96533
95370
95535
