43298
42945
42712
42863
42413
42878
42930
43073
42390
42720
111128
42652
42832
42863
42675
42045
42607
42667
42720
42772
42510
42705
42630
43252
42623
43005
42698
42427
41977
42548
43035
42067
42112
42053
42780
42412
42097
42292
42383
42188
42382
42765
42472
42465
42450
73770
42488
41955
42525
41970
42518
42083
42630
42217
42322
42218
41708
41865
42097
42165
42023
42248
43343
42037
42502
42398
42120
42060
42285
42180
42113
42172
42285
42330
42960
42450
42323
42367
94605
42158
41910
41880
42600
42405
42210
42270
43088
42308
42263
41940
42015
42300
42990
318285
42038
42570
42255
42217
42435
42593
