346412
343186
1677881
345294
344454
344304
344319
343464
342114
344581
344852
582985
343322
345174
346577
343637
347469
344425
341776
377940
345137
346352
344469
344724
343389
345669
343457
344867
343711
451922
343224
346404
342534
377542
370005
345467
344244
344867
344814
345114
344731
343937
344229
344424
345062
345579
344829
344529
344882
345092
381142
344732
344229
344551
343922
428374
344875
345144
343914
431696
346974
343704
345084
343757
345309
344559
343532
344034
429544
343494
345640
425906
340824
344140
343659
343584
365010
342857
344297
390262
344087
344514
366983
344866
380452
343779
345376
344154
343990
554614
421107
344830
821028
342707
343982
343741
343021
1443572
343771
375659
