1187414
1218538
1183455
1673077
1221899
1254283
1182375
1182255
1182435
1182344
1184062
1181857
1178948
1175528
1183890
1181580
1182585
1181025
1405906
1166745
1215464
1166131
1167053
1166767
1229766
1166828
1166295
1166498
1216461
1178017
1166775
1212112
1166528
1166295
1166348
1256083
1166325
1166160
1166842
1214272
1166340
1166221
1210694
1166573
1166925
1166348
1203839
1166686
1166281
1235435
1166460
1166737
1166168
1203967
1166386
1166310
1213199
1166108
1166866
1166670
1212374
1166243
1166340
1166805
1238593
1166318
2568803
1166243
2608124
1166108
1218313
1166295
1166332
1199220
1166137
1169295
1166798
1328125
1183319
1182098
1182157
1214481
1166836
1167060
1166813
1284071
1166393
1166603
1240835
1207836
1166460
1166295
1213581
1166760
1166235
1166408
1251980
1166302
1166220
1246303
