2341928
2311306
2324784
2309131
2264373
2264553
2263728
2264133
2264223
2263743
2264020
2372699
2299232
2299952
2297004
2355135
2309477
2319519
2324108
2293622
2323726
2306994
2316638
2307841
2347283
2317899
2328991
2294229
2332703
2307114
2318108
2313819
2348123
2306753
2330589
2314343
2465929
2334690
2337218
2296854
2333416
2308449
2321439
2309604
2313774
2305674
2333746
2308089
2330115
2315289
2333686
2298204
2331113
2307324
2308202
2317944
2350005
2294582
2322653
2310181
2263983
2264066
2264771
2264575
2284239
2264440
2263772
2264065
2263421
2263451
2263480
2263390
2263863
2263540
2300687
2276597
2354910
2307586
2329876
2313549
2330889
2316976
2326531
2312004
2388921
2313774
2336641
2312573
2346728
2318438
2924644
2334653
2384241
2337188
2297102
2263817
2264080
2274670
2264403
2286970
