53233
52543
52896
52574
52708
52949
53001
52678
52656
52281
52453
52589
52926
52559
52919
52739
52776
52806
52738
52364
52746
52416
52108
52229
52349
52686
52986
52806
52730
52603
52716
53916
52903
52214
52589
52903
52791
52836
53713
53975
53713
52671
53301
52611
54358
52880
53174
53240
52850
54141
141281
52971
52798
53758
54014
52731
52873
52633
52506
53939
52805
52940
52874
53083
52438
53144
52896
52753
52678
52145
52348
52640
52948
52956
52971
53046
53083
52798
52859
52805
52745
52281
52888
53803
53946
53953
53563
53084
52843
52648
52686
52183
52176
52303
52453
52619
53068
53001
53196
52904
