3688035
3669758
3700020
3614303
3622350
3632378
3624720
3607845
3634883
3613252
3605100
3634552
3583980
3607973
3604575
3627518
3596220
3631260
3561945
3611182
3620235
3562230
3602310
3630810
3611992
3602782
3641010
3617640
3595305
3662925
3603847
4114140
4150343
3916275
3651203
3666465
3616793
3623887
3561248
3606803
3606840
3562140
3603397
4601985
3629535
3624128
3623648
3619665
3603705
3563108
3607305
3597330
3612840
3598515
3603083
3620047
3624667
3615367
3629827
3626550
3599550
3639008
3561337
4463557
4481107
4495418
4518975
4514122
3611310
3603525
3563070
3613523
3635978
3609338
3605887
4500398
4503383
4509848
4505565
3587550
3809797
3611123
3583178
3613080
3611903
3561390
4479172
4447118
4509930
3613282
3612098
4463655
4508048
4479112
4509443
3600090
4505790
3626692
3607238
4462470
