3758
3765
3690
3713
3825
3900
3810
3863
3683
3833
3690
3712
3697
3712
3773
3833
3780
3697
3720
3833
3735
3885
3960
4035
3998
3960
3983
4080
3982
3878
4005
3900
3968
3802
3900
3893
3697
3885
3810
3773
3697
3705
3795
3720
3855
3750
3840
3772
3765
3855
3915
3862
3690
4230
3698
3780
3765
3772
3870
3698
3787
3810
3810
3720
3758
3697
3780
3765
3743
3788
3788
3758
3780
3772
3697
3705
3937
3757
3855
3780
3840
3765
3855
3757
3780
3848
3833
3697
3855
3832
3795
3697
3817
3788
3757
3697
4020
3712
3818
3682
