1352078
1282020
1282013
1351132
1334055
1281915
1283693
1352520
1282132
1281998
1281893
1323225
1281975
1282995
1283303
1328153
1292783
1282013
1282012
1335262
1282027
1281877
1282530
1333215
1281990
1282042
1282215
1356503
1282950
1305090
1372222
1331910
1281990
1283160
1332375
1282027
1281930
1281990
1330470
1284578
1281893
1282605
1354725
1281990
1282980
1376648
1306725
1281900
1282020
1326877
1281990
1282012
1282013
1333455
1282125
1282020
1282200
1332547
1282935
1281990
1382497
1331715
1281990
1282013
1315418
1281997
1282530
1282027
1348568
1287660
1292182
1291155
1291177
1291230
1290285
1333388
1281960
1282027
1334385
1338187
1281990
1283055
1366177
1281997
1281900
1283017
1330575
1282013
1282305
1282800
1334122
1281930
1282042
1316872
1327575
1282125
1281990
1324598
1331190
1282013
