654952
658110
659265
659235
660128
658987
718447
713512
658935
658980
654683
705428
654645
654532
654518
654630
718898
654495
654743
654907
654750
654652
654870
704205
654713
654870
654428
654540
708233
654615
655313
654570
654570
654450
654907
698572
654570
654450
654893
654502
654547
654750
686535
654457
654922
654450
654570
690930
654727
659633
654585
660848
655088
655125
654607
654450
654975
654638
699105
654727
654458
654450
654562
690952
654660
654998
655065
654548
654593
654472
654848
654518
654592
654577
654600
721402
654480
654390
654413
654533
712140
654660
654945
654510
654443
654525
654518
704760
654495
654450
656542
654555
712643
654367
654450
654600
654683
654518
654585
731693
