60471
55049
55334
55019
55124
55559
61192
60479
55371
55214
60172
55267
60254
55536
55942
55184
55432
55657
56061
60464
59856
55042
55559
55754
55327
61656
55410
60021
59391
60157
55124
63127
60457
60134
59699
60501
60014
60569
55401
55439
78846
55431
60382
55072
55214
55304
55297
55199
55297
55432
55687
60014
55117
55049
55116
62173
60103
55274
60329
60074
55102
64971
60164
60779
55184
54921
55259
55169
55544
55431
55476
55424
60621
60419
55589
55567
55634
55454
60569
55334
60434
55454
55012
60216
55267
55409
55544
61237
60584
55469
60832
56789
61259
55274
61304
55409
60951
55492
55956
55132
