32992
33187
32991
33037
32887
32737
33247
33374
32902
32999
33374
32789
32706
34072
33097
33149
32955
32722
32849
32625
32744
32751
32932
33112
32602
32879
32632
32407
33149
33149
33532
32700
32834
33104
32632
32580
32894
32670
32700
32535
33427
32849
33112
32497
33127
32760
32512
32617
33262
32437
32782
32684
33172
33127
32790
33052
32984
33045
32737
33397
33059
33097
32857
32774
33329
32677
33172
33172
33052
33172
32587
32992
32437
33104
32812
33457
33810
33112
33097
32894
32842
32557
32557
33209
33014
82168
32767
32969
32827
32827
33224
32692
33119
32745
32864
32775
33157
33052
32610
33067
