219856
220801
220217
2610307
221214
282373
220074
220344
220539
220434
221911
220996
221611
219572
465152
220929
221199
220757
944552
219887
510494
221919
220112
220456
220472
221521
220224
220044
223643
221086
220794
220329
221035
220921
220840
219737
220937
222399
221042
1264634
221139
221634
221649
220502
223591
220884
220891
219842
219969
221686
222174
249015
220809
219789
220494
220846
248077
220622
220284
220285
220577
220277
221492
221042
220292
221536
222009
221709
220202
220936
220044
220944
221072
299269
220712
219939
282028
221304
220539
255772
222309
219767
219369
220899
220517
221357
221199
219602
221230
221454
222354
221229
222069
220434
220741
221506
221484
220576
221094
220959
