146565
145628
145927
146760
146632
145793
145725
145162
144375
144660
144052
144892
178530
144375
144113
144548
144022
144720
144158
144653
144322
145898
144255
197393
144015
169088
147900
145057
144638
176407
144743
144053
145357
145860
145005
145793
144120
145072
144360
145837
144810
144622
144847
152445
145920
145163
145590
145950
144817
145725
144630
145635
144045
144180
144803
144045
145493
144278
144788
144165
144112
145568
145515
188325
143962
145845
144173
143970
144577
146108
144255
146355
145770
145027
144562
145800
146737
145860
146467
146250
146182
145620
146565
146385
146557
146168
146092
145672
145215
145920
145680
144330
232110
145875
145837
144638
145710
144983
145793
145853
