138764
138606
139380
139394
139094
139469
138899
136851
138457
138810
138434
138831
139521
139716
139364
138021
138884
138922
139094
165567
289422
463292
138284
138434
138734
138240
139064
138516
138899
139064
138390
225414
138802
138966
139109
138494
138989
2587972
138674
138899
138329
207160
138300
138644
139491
139266
138494
139394
138966
140391
138922
139222
138712
138097
139244
138015
139004
139049
138307
139379
138554
139476
139184
140549
138929
138134
139192
138539
138359
138907
138712
138891
165650
138524
138914
138697
139371
138794
138532
138854
138389
138501
138929
138501
138652
139146
138741
137811
139379
138111
138344
138989
139484
139327
140384
138891
139461
139012
139124
139064
