30711
30006
30058
30283
30028
30546
30269
70143
30313
30231
29976
30171
30246
30508
30523
30756
30358
30253
30703
30020
29983
56202
30246
29923
30223
84003
30185
30021
29938
30898
30350
30463
30291
30433
30276
30516
30530
29938
29841
30350
30096
30478
30014
30800
31033
30786
30329
30328
30170
30643
30111
29834
30456
30238
30613
30606
30704
31453
30313
30740
30410
30103
30868
29953
30411
30118
30396
31018
30028
30643
33276
29879
30320
29969
31333
29908
30253
30186
30343
29901
30411
30179
30126
30471
30290
30463
31048
30089
29945
30463
30456
30980
30133
30613
30868
30290
30373
30328
30133
30058
