72570
72180
71797
71430
72382
71468
71745
71423
71378
71677
71325
72060
71685
71445
72240
72892
71970
71700
72307
72607
72585
72607
72578
71438
71835
72735
72255
72158
72503
71992
72472
72157
72428
72435
72585
72188
72405
72585
72412
71955
72518
71340
71220
71723
71602
73087
71790
71273
71813
71370
71940
71190
71543
71430
71280
71595
72353
72330
71468
71677
71580
72082
71175
71137
71250
70943
71438
71963
71115
71018
71505
72420
71482
72727
71685
71933
72315
72502
72315
72637
71243
71167
71107
71062
71647
71332
71130
71565
71475
71182
71303
72397
72690
72345
71505
71940
71340
71588
71625
71242
