219345
218580
217920
219150
218370
296468
218385
217523
217777
219120
217860
217703
217567
217492
217560
217755
217740
219420
217568
219457
218760
217823
217665
218190
217793
218483
217748
217928
217733
247402
217920
219653
218370
217485
271297
217343
218333
219082
218610
219270
218295
217823
218790
219060
218070
218205
217530
217425
217448
218490
217957
219893
219832
219622
217913
219405
219487
218100
218385
238605
236677
236798
236123
235192
236820
236183
236962
235883
235732
235568
235793
235170
235140
237188
235432
236040
258945
235980
235597
275385
234863
234682
237052
235298
235567
236887
235552
236715
235928
235290
234967
235755
235425
234802
235657
235170
234630
235455
234885
235320
