124717
123045
123030
122760
123450
122542
122408
122520
123188
122955
124057
123165
123525
123487
123083
122655
122692
123113
123127
123135
123157
123135
122843
124237
124350
123247
123472
123143
124208
123930
123135
122287
122737
122753
122505
123405
122970
122902
123563
122880
122880
124193
123390
123473
122948
122850
123120
122805
123203
123405
122768
123293
123008
123225
123090
124148
123435
123105
123247
126308
154110
123435
124733
124080
124222
124208
124035
124785
124132
123832
123600
123398
124140
124875
124327
124335
124710
123990
124507
123952
124095
124695
124237
123847
124642
123975
124035
123690
123735
124500
124208
123743
124508
124050
123840
124185
124110
383377
124178
124275
