27719
27802
28102
27480
27945
27442
27382
28012
27382
27742
27824
27352
27419
27540
28170
27307
27022
27623
27367
27772
27239
27277
27367
27764
27960
27225
27577
28424
27555
27308
27600
27359
27097
27569
27592
27644
27592
27569
27742
28147
27142
27173
27750
27149
27517
27712
27300
28447
27592
27795
27592
27224
27457
27292
27547
27674
27577
27165
27810
27554
28035
27337
27449
27524
27487
27487
27719
27225
27134
27120
26985
27307
27584
27495
27270
27262
27322
27517
27472
27308
27547
27450
27277
27404
27314
27712
27449
27299
27352
27202
27547
27352
27359
27007
27127
27390
27082
27637
27119
27419
