65819
65609
60802
60652
66096
66021
61004
60569
60667
65894
60599
65654
60966
61004
65834
65909
60734
66051
60966
65571
61102
60749
61042
60606
60981
66208
60892
65893
65144
60966
65878
61192
61281
61087
60906
60809
60621
61604
65879
65624
61041
60644
64619
60779
60711
66524
65931
65834
65444
65886
66044
60802
68219
65796
60621
61041
65721
61394
65414
65707
65609
61049
135643
66014
60764
65954
60652
65609
65624
60689
65609
82221
60749
61281
60974
60749
61364
65497
65482
66232
105494
65931
65969
60554
60824
66006
61987
60816
60727
65812
60719
60606
60779
65827
65662
60471
66022
65684
60764
60876
