49057
55087
49799
55027
50046
49056
54262
49357
49297
49312
49154
54352
49274
49184
48772
49124
49582
48899
49072
49026
55679
53842
49949
49754
48869
49041
49446
53467
49012
49590
53729
49484
53796
49094
53684
49049
49244
49431
48974
48959
49822
101338
48990
48952
54877
54029
49185
49304
49762
55124
49050
49634
48891
48877
54111
53677
49507
53789
49424
53564
50819
49199
49477
49566
55086
49507
48727
54599
49491
50339
50587
146367
49755
50729
55146
50505
49979
50077
49507
50902
49762
49672
49484
49852
49552
49784
54674
49761
54824
49626
49394
49762
49776
49800
49567
54337
49897
49552
49537
49882
