102166
101717
102368
102849
101146
101417
102129
102084
102009
101829
101657
102069
103118
102212
101844
101948
102143
101679
102556
101806
101798
101836
102009
101874
101724
101581
156920
371827
101784
101723
101911
102526
102077
101994
102654
102811
101454
101956
101379
101303
102451
101813
101656
439496
102038
101619
101544
102482
101806
102413
101687
101777
101567
102481
101753
102489
164930
102002
101784
101304
102031
101708
102002
102226
102188
101663
102188
101492
102188
101933
101964
102444
101776
1231575
102226
102166
101334
102324
102308
102256
102166
102549
101776
102248
103066
101033
145116
102151
101461
102976
101702
102129
101019
101544
101933
101041
102017
101064
102017
1249912
