52663
52851
52700
52581
52625
52536
52709
52408
52341
52671
52536
52874
52589
52723
52769
53091
52378
52213
52086
52618
52671
53541
52648
52904
52543
52589
52513
52753
52505
52236
52618
52723
53954
52805
52521
52385
52311
53728
52431
53278
52581
52536
52611
52295
53271
52514
52791
52491
52236
52701
52288
52694
52686
52446
52349
52993
159288
52438
52611
52655
52708
52618
52040
52123
52731
52199
52603
52693
52528
54119
52588
52746
52820
77292
52326
52379
52506
52041
51823
52153
52041
51973
109684
52010
51966
52109
51875
51981
51921
51958
52019
52723
152815
52116
51958
53129
52671
52679
53286
51869
