195287
195136
195107
252772
194581
195152
194866
194611
194821
195136
194611
194971
194933
194709
194589
194866
194634
194514
195084
194461
194491
195144
194859
194709
194829
194588
194941
194664
194844
194597
195174
194904
194754
194679
194619
195054
194746
195691
195106
231083
195054
195129
194768
194799
195016
195129
195151
194956
195437
195136
194791
195159
195204
195121
195143
195091
195167
194761
195864
195084
195174
195084
194979
195099
195159
194716
194777
194589
195136
194852
194882
194701
195151
194544
194672
275054
194641
194814
195039
195121
195009
271424
195069
195151
196119
194836
194693
195518
194761
233498
194409
195158
194679
194559
194649
194949
194724
194574
195354
195429
