2949334
3015174
3003752
3020498
3001089
2949454
3015706
2999086
3018047
2996664
2949108
2948958
3000182
3024414
3246384
3034973
3026918
4060716
4029201
4166327
4086185
4077178
2949701
3915775
3165416
2992667
3067582
3038873
2992930
2949094
3011011
2997962
3029678
3024489
3010674
2948869
2984972
3724622
3732991
3722589
3748433
3754163
3700900
3692177
2982978
3764085
3732984
2987343
3004712
2998412
2950069
2950008
2995675
3018444
2995389
3021091
2948809
2948696
3002545
3030489
4049121
4052061
3028538
3000587
2948779
3095429
3005514
3034838
3001135
2948854
2948944
2997647
3029978
2997047
3017821
4038764
3327884
3075569
2962009
3453085
3431650
3402507
3402664
3450228
2950346
3389531
3463172
3001532
3016171
2948891
2989637
3027481
3002011
3440140
3013261
3000489
3013419
3003039
3021271
2949251
