812367
946665
732959
790865
766123
768463
858108
767578
764811
762733
807387
732832
732936
732846
732989
785015
732997
732824
732951
732959
781498
732817
732899
832331
732937
807297
732936
732899
732937
732966
785683
732869
732937
732824
733102
797127
732801
732929
732959
732959
830966
732996
732876
732884
732884
780770
732727
732734
732877
732944
739469
732899
732854
790339
732787
732869
732974
732876
778685
732831
732884
732869
732951
806719
732780
732869
732929
733042
782405
732899
732944
732854
732929
822296
732951
732929
732869
732862
811692
732824
732996
732787
732884
776720
732861
732914
732952
732929
826399
732944
732974
800202
732921
928853
732779
733049
779832
760123
760086
765905
