6783728
6744945
6784725
7349273
7358272
7347300
6775132
6784785
6819705
6804450
6769013
6804825
7991160
7989968
8045100
8026245
8043023
8011988
8050568
8058217
8039310
8023988
8043608
8599523
8102333
8069985
5851755
5847607
5884372
7363665
7323105
7400738
7365150
7309155
7388258
7998345
8035492
8054250
7371615
7359007
7429942
7409152
7347150
6806415
7465987
6269610
6282195
7352033
7359015
7370648
7366455
7680592
7323225
7500697
6266385
7335045
7388152
7397160
7331768
6352920
7440675
7417672
7352663
7340123
7354260
7345260
6300675
7351898
7387365
7353015
7384387
7362608
7353960
7370445
7368540
8001675
8035988
8015745
8077215
8040563
8126108
6773917
6782580
6811222
6810863
6779737
6778635
7997992
7393590
7352445
7405260
7413270
7379272
7368998
7325625
7555575
7559768
7488698
8425748
8203388
