1227173
1200667
1174905
1174732
1227772
1174897
1175295
1565228
1225290
1175317
1175302
1210185
1175002
1174890
1175085
1230127
1174710
1174830
1563608
1221968
1174793
1199325
1225665
1174627
1175445
1175400
1328655
1174770
1174770
1175460
1227345
1174658
1174837
1224360
1174748
1174898
1175497
1235303
1175415
1174702
1252275
1174867
1175475
1174680
1227278
1174958
1175498
1174912
1237268
1174830
1174845
1258575
1176945
1174875
1175370
1212915
1175235
1174710
1174920
1304528
1174717
1174815
1211287
1174733
1175445
1175520
1266458
1175385
1175130
1257443
1174762
1256250
1174845
1229025
1174717
1174868
1228800
1204830
1174860
1182608
1181265
1245202
1183598
1183822
5286758
1182037
1181535
1184640
1234583
1226520
1175167
1280347
1174965
1573590
1175407
1212412
1175040
1199258
1225792
1175392
