260557
262199
262049
360226
265371
261330
261966
261734
262664
357135
261172
262260
261614
261457
338319
262484
262042
263159
261509
262567
260137
261502
260257
260616
290780
260759
261029
262732
261172
260976
261884
261636
261989
261149
261817
261772
261329
261734
588317
261524
261554
262432
261329
261502
262049
261141
261517
260415
261802
262417
261876
261652
489698
261554
261029
262176
262642
260422
261922
261427
261374
260099
260294
260992
261165
261045
261059
348923
261201
262289
260977
261465
260249
2901949
261607
262544
260437
260212
261044
260197
260909
258600
261067
261434
261405
262492
261164
261052
330632
260099
320890
261449
261891
260436
262386
262132
2735512
261239
261037
261262
