300275
300739
299742
300859
299607
300027
352718
299824
448548
299914
377730
300724
301376
300117
301159
300417
301054
301211
300634
301399
301122
301384
336670
300424
299637
301302
300754
299622
686336
324738
399448
3056312
300281
301196
299981
299772
300087
302059
300777
311936
397993
301422
300956
299532
299284
300394
302524
301099
300020
406363
300545
300860
300799
299884
299990
300784
301354
301624
301144
300079
301572
299337
1121250
300057
300754
467581
299345
300065
300702
299517
300169
299719
299945
299704
300335
299787
299359
300469
300807
301362
302246
406722
300724
300552
300799
299960
370777
579212
301361
301579
300657
299659
300176
634656
300874
302554
300672
300214
300095
300732
