9450
9878
9562
9908
9908
9900
9540
9885
10147
9608
9450
9892
9630
9720
9698
9795
9667
9435
9457
9540
9443
9825
9855
9855
9937
9675
9443
9697
9915
9525
9757
9735
9435
9795
10065
10110
9967
10245
10043
9953
9990
10012
9930
9435
9450
9660
9833
9472
9555
9885
9840
9570
9795
9878
9637
9757
9525
9442
9540
9472
9907
9517
9593
9428
9525
9465
9533
9450
9848
9510
9578
9780
9525
9472
9802
9817
9450
9473
9765
9765
9810
9472
9863
9870
9795
9450
9510
9435
9720
9442
9840
9443
9435
9578
9660
9862
9660
9863
9743
9435
