1523
1515
1537
1538
1530
1523
1448
1545
1530
1470
1522
1530
1530
1552
1537
1553
1523
1545
1507
1523
1553
1515
1545
1575
1530
1478
1538
1500
1500
1447
1470
1470
1560
1485
1567
1485
1447
1462
1552
1522
1538
1545
1500
1492
1485
1455
1582
1395
1508
1515
1493
1463
1463
1388
1463
1485
1492
1470
1395
1500
1477
1462
1447
1477
1485
1485
1485
1485
1470
1485
1485
1507
1485
1410
1507
1560
1560
1440
1522
1455
1470
1477
1545
1530
1515
1440
1545
1522
1545
1553
1440
1522
1545
1545
1515
1410
1477
1643
1597
1538
