9721005
9397635
8927782
9037380
7045088
7046985
7082153
7032577
7063643
7177357
7051320
7063403
7070468
7022670
7065150
7064707
7064078
7055880
10271130
9553335
9568388
9637950
9639487
10275998
9642622
9638122
10077458
9915383
9343523
8810048
8786805
8826803
8813362
8861618
8780603
8831138
10250955
8817870
8787923
9640237
8785740
8816610
8842747
8855595
8826712
8806117
8788132
8816700
8845200
8781443
9718688
8914185
8133218
9639750
9620288
8981445
8685398
8418450
8110080
8149792
8136675
8148720
8112607
8199773
8180452
8147085
8167650
8161568
9615435
9640635
9643155
9636427
9671190
9607905
9608040
9719303
8104320
8116275
8136645
8138355
8130030
8127675
8143500
8133915
8146702
8146860
8133727
8139022
10203255
9578655
9537248
9595867
9594450
9664312
9637343
9626303
9621923
9645097
9722453
8102895
