2682788
2736015
2688765
2598937
2636363
2675452
2634615
2724128
2663722
2645138
2597070
2674027
2644935
4233697
2643262
2694660
3938925
2647095
2735633
2594767
2577743
2632740
2601240
2619952
2621385
2813453
2626973
2646638
2761980
2577660
2579070
2578567
2578372
2621235
2611838
2621460
2634195
2622983
2647088
2624003
2650657
2630610
2578665
2577833
2578365
2577600
2724705
2619293
2610525
2645790
2629297
2625450
2628772
2638710
2627078
2577847
2578222
2577742
2578395
2578785
2657385
2632710
2649300
3251648
3249967
2828955
2680965
2631308
2716403
2646165
2628285
2627467
2578545
2578725
2578605
2577780
2791815
2601307
2652368
2628907
2643030
2602515
2638470
2629665
2656748
2577825
2577638
2578035
2578545
2578635
2651220
2624835
2661240
2619045
2661165
2621850
3308160
3245970
3290918
3303728
