625470
573038
573202
573270
572587
621105
573075
572888
615450
573135
572783
571703
573420
646387
573810
569858
569827
570135
569895
569708
656798
569820
612630
569835
569797
569970
569932
570150
569813
623948
570615
646710
569760
713573
610238
569835
569797
569760
570218
609075
569828
604545
569738
569768
668468
569820
569955
569857
630525
569828
569880
570037
569842
569963
569888
655448
569805
611902
569873
569828
569828
639225
569940
570015
612517
569842
628958
569828
570082
593873
569827
570247
569812
640020
570277
621240
569790
569858
569805
570225
569813
569962
590970
569865
612683
569910
569805
574058
569842
571507
573000
641243
573938
573870
573413
573563
574440
642247
574095
573518
