5190503
5201310
5221935
6456075
6491527
6506550
6498750
6506385
6456810
6521295
6475965
7021807
6473895
6569580
6572025
5601773
5197035
5177640
6445260
6381382
6476813
6467347
6455475
6139920
6499087
6495607
6538155
6520170
6530272
5968133
6384180
6445208
6371452
6588547
6813623
6589365
6492435
6529673
6480585
6469988
6489082
6510780
6513233
6507660
6588698
5996108
6016560
6017100
6001365
6507195
5988712
5983845
6014715
6537982
5229518
5927213
5913420
5151075
5165602
6443362
6437040
6467303
6100628
6483825
6510300
6522525
6504683
6503025
6500662
6505237
7062660
6484740
6502365
6546855
6505117
6515318
7263322
7177470
6114338
5980808
6015510
6020228
5967105
5963550
5966820
5964315
5960820
5956553
5959635
5949188
7737608
7056645
6943958
7050053
7101000
7074030
7078462
7080532
7343167
7067685
